1.4781912399059871428	1	1.4727181176868004199	0.0054731222191867228864
1.4729966664463900222	2	1.4727181176868004199	0.00027854875958960236167
1.4727323328316861065	3	1.4727181176868004199	1.4215144885686603789e-005
1.472718843227345856	4	1.4727181176868004199	7.2554054543613397121e-007
1.4727181547186294797	5	1.4727181176868004199	3.7031829059827603423e-008
1.4727181195769178893	6	1.4727181176868004199	1.8901174694396088993e-009
1.4727181177832726764	7	1.4727181176868004199	9.6472256507114384494e-011
1.4727181176917243974	8	1.4727181176868004199	4.9239775668299956557e-012
1.4727181176870517414	9	1.4727181176868004199	2.5132153302909188142e-013
1.4727181176868132474	10	1.4727181176868004199	1.282752116332774861e-014
1.4727181176868010744	11	1.4727181176868004199	6.5453285152949902681e-016
1.4727181176868004534	12	1.4727181176868004199	3.3501847129802087011e-017
1.4727181176868004214	13	1.4727181176868004199	1.5178830414797062076e-018
1.47271811768680042	14	1.4727181176868004199	1.084202172485504434e-019
1.4727181176868004199	15	1.4727181176868004199	0
1.4727181176868004198	16	1.4727181176868004199	1.084202172485504434e-019
1.4727181176868004197	17	1.4727181176868004199	2.168404344971008868e-019
1.4727181176868004197	18	1.4727181176868004199	2.168404344971008868e-019
1.4727181176868004198	19	1.4727181176868004199	1.084202172485504434e-019
1.4727181176868004199	20	1.4727181176868004199	0
1.4727181176868004198	21	1.4727181176868004199	1.084202172485504434e-019
1.4727181176868004198	22	1.4727181176868004199	1.084202172485504434e-019
1.4727181176868004198	23	1.4727181176868004199	1.084202172485504434e-019
1.4727181176868004198	24	1.4727181176868004199	1.084202172485504434e-019
1.4727181176868004198	25	1.4727181176868004199	1.084202172485504434e-019
1.4727181176868004199	26	1.4727181176868004199	0
1.4727181176868004198	27	1.4727181176868004199	1.084202172485504434e-019
1.4727181176868004198	28	1.4727181176868004199	1.084202172485504434e-019
1.4727181176868004197	29	1.4727181176868004199	2.168404344971008868e-019
1.4727181176868004199	30	1.4727181176868004199	0
1.4727181176868004198	31	1.4727181176868004199	1.084202172485504434e-019
1.4727181176868004198	32	1.4727181176868004199	1.084202172485504434e-019
1.4727181176868004198	33	1.4727181176868004199	1.084202172485504434e-019
1.4727181176868004199	34	1.4727181176868004199	0
1.47271811768680042	35	1.4727181176868004199	1.084202172485504434e-019
1.4727181176868004198	36	1.4727181176868004199	1.084202172485504434e-019
1.4727181176868004198	37	1.4727181176868004199	1.084202172485504434e-019
1.4727181176868004199	38	1.4727181176868004199	0
1.4727181176868004198	39	1.4727181176868004199	1.084202172485504434e-019
1.4727181176868004198	40	1.4727181176868004199	1.084202172485504434e-019
1.4727181176868004197	41	1.4727181176868004199	2.168404344971008868e-019
1.47271811768680042	42	1.4727181176868004199	1.084202172485504434e-019
1.4727181176868004198	43	1.4727181176868004199	1.084202172485504434e-019
1.4727181176868004198	44	1.4727181176868004199	1.084202172485504434e-019
1.4727181176868004197	45	1.4727181176868004199	2.168404344971008868e-019
1.4727181176868004198	46	1.4727181176868004199	1.084202172485504434e-019
1.4727181176868004198	47	1.4727181176868004199	1.084202172485504434e-019
1.4727181176868004198	48	1.4727181176868004199	1.084202172485504434e-019
1.4727181176868004198	49	1.4727181176868004199	1.084202172485504434e-019
1.4727181176868004198	50	1.4727181176868004199	1.084202172485504434e-019
1.4727181176868004198	51	1.4727181176868004199	1.084202172485504434e-019
1.4727181176868004199	52	1.4727181176868004199	0
1.4727181176868004198	53	1.4727181176868004199	1.084202172485504434e-019
1.4727181176868004199	54	1.4727181176868004199	0
1.4727181176868004199	55	1.4727181176868004199	0
1.4727181176868004199	56	1.4727181176868004199	0
1.4727181176868004197	57	1.4727181176868004199	2.168404344971008868e-019
1.4727181176868004199	58	1.4727181176868004199	0
1.47271811768680042	59	1.4727181176868004199	1.084202172485504434e-019
1.4727181176868004198	60	1.4727181176868004199	1.084202172485504434e-019
1.4727181176868004199	61	1.4727181176868004199	0
1.47271811768680042	62	1.4727181176868004199	1.084202172485504434e-019
1.4727181176868004199	63	1.4727181176868004199	0
1.4727181176868004199	64	1.4727181176868004199	0
1.4727181176868004198	65	1.4727181176868004199	1.084202172485504434e-019
1.4727181176868004199	66	1.4727181176868004199	0
1.4727181176868004198	67	1.4727181176868004199	1.084202172485504434e-019
1.4727181176868004198	68	1.4727181176868004199	1.084202172485504434e-019
1.4727181176868004199	69	1.4727181176868004199	0
1.4727181176868004198	70	1.4727181176868004199	1.084202172485504434e-019
1.4727181176868004198	71	1.4727181176868004199	1.084202172485504434e-019
1.4727181176868004197	72	1.4727181176868004199	2.168404344971008868e-019
1.4727181176868004199	73	1.4727181176868004199	0
1.4727181176868004198	74	1.4727181176868004199	1.084202172485504434e-019
1.4727181176868004198	75	1.4727181176868004199	1.084202172485504434e-019
1.4727181176868004198	76	1.4727181176868004199	1.084202172485504434e-019
1.4727181176868004198	77	1.4727181176868004199	1.084202172485504434e-019
1.4727181176868004198	78	1.4727181176868004199	1.084202172485504434e-019
1.4727181176868004198	79	1.4727181176868004199	1.084202172485504434e-019
1.47271811768680042	80	1.4727181176868004199	1.084202172485504434e-019
1.4727181176868004199	81	1.4727181176868004199	0
1.4727181176868004199	82	1.4727181176868004199	0
1.4727181176868004199	83	1.4727181176868004199	0
1.4727181176868004199	84	1.4727181176868004199	0
1.4727181176868004199	85	1.4727181176868004199	0
1.4727181176868004197	86	1.4727181176868004199	2.168404344971008868e-019
1.4727181176868004198	87	1.4727181176868004199	1.084202172485504434e-019
1.4727181176868004199	88	1.4727181176868004199	0
1.4727181176868004198	89	1.4727181176868004199	1.084202172485504434e-019
1.4727181176868004199	90	1.4727181176868004199	0
1.4727181176868004198	91	1.4727181176868004199	1.084202172485504434e-019
1.4727181176868004198	92	1.4727181176868004199	1.084202172485504434e-019
1.4727181176868004199	93	1.4727181176868004199	0
1.4727181176868004199	94	1.4727181176868004199	0
1.4727181176868004198	95	1.4727181176868004199	1.084202172485504434e-019
1.4727181176868004199	96	1.4727181176868004199	0
1.4727181176868004198	97	1.4727181176868004199	1.084202172485504434e-019
1.4727181176868004198	98	1.4727181176868004199	1.084202172485504434e-019
1.4727181176868004198	99	1.4727181176868004199	1.084202172485504434e-019
1.4727181176868004198	100	1.4727181176868004199	1.084202172485504434e-019
1.4727181176868004199	101	1.4727181176868004199	0
1.4727181176868004198	102	1.4727181176868004199	1.084202172485504434e-019
1.47271811768680042	103	1.4727181176868004199	1.084202172485504434e-019
1.4727181176868004198	104	1.4727181176868004199	1.084202172485504434e-019
1.4727181176868004198	105	1.4727181176868004199	1.084202172485504434e-019
1.4727181176868004199	106	1.4727181176868004199	0
1.4727181176868004199	107	1.4727181176868004199	0
1.4727181176868004199	108	1.4727181176868004199	0
1.4727181176868004197	109	1.4727181176868004199	2.168404344971008868e-019
1.4727181176868004199	110	1.4727181176868004199	0
1.4727181176868004198	111	1.4727181176868004199	1.084202172485504434e-019
1.4727181176868004199	112	1.4727181176868004199	0
1.4727181176868004198	113	1.4727181176868004199	1.084202172485504434e-019
1.4727181176868004199	114	1.4727181176868004199	0
1.4727181176868004199	115	1.4727181176868004199	0
1.4727181176868004198	116	1.4727181176868004199	1.084202172485504434e-019
1.4727181176868004197	117	1.4727181176868004199	2.168404344971008868e-019
1.4727181176868004198	118	1.4727181176868004199	1.084202172485504434e-019
1.4727181176868004199	119	1.4727181176868004199	0
1.4727181176868004198	120	1.4727181176868004199	1.084202172485504434e-019
1.4727181176868004199	121	1.4727181176868004199	0
1.4727181176868004199	122	1.4727181176868004199	0
1.4727181176868004198	123	1.4727181176868004199	1.084202172485504434e-019
1.4727181176868004198	124	1.4727181176868004199	1.084202172485504434e-019
1.4727181176868004199	125	1.4727181176868004199	0
1.4727181176868004198	126	1.4727181176868004199	1.084202172485504434e-019
1.4727181176868004197	127	1.4727181176868004199	2.168404344971008868e-019
1.4727181176868004198	128	1.4727181176868004199	1.084202172485504434e-019
1.4727181176868004198	129	1.4727181176868004199	1.084202172485504434e-019
1.4727181176868004198	130	1.4727181176868004199	1.084202172485504434e-019
1.4727181176868004198	131	1.4727181176868004199	1.084202172485504434e-019
1.4727181176868004198	132	1.4727181176868004199	1.084202172485504434e-019
1.4727181176868004198	133	1.4727181176868004199	1.084202172485504434e-019
1.4727181176868004199	134	1.4727181176868004199	0
1.4727181176868004198	135	1.4727181176868004199	1.084202172485504434e-019
1.4727181176868004198	136	1.4727181176868004199	1.084202172485504434e-019
1.4727181176868004199	137	1.4727181176868004199	0
1.4727181176868004199	138	1.4727181176868004199	0
1.4727181176868004198	139	1.4727181176868004199	1.084202172485504434e-019
1.4727181176868004199	140	1.4727181176868004199	0
1.4727181176868004198	141	1.4727181176868004199	1.084202172485504434e-019
1.4727181176868004199	142	1.4727181176868004199	0
1.4727181176868004199	143	1.4727181176868004199	0
1.4727181176868004198	144	1.4727181176868004199	1.084202172485504434e-019
1.4727181176868004198	145	1.4727181176868004199	1.084202172485504434e-019
1.4727181176868004199	146	1.4727181176868004199	0
1.4727181176868004198	147	1.4727181176868004199	1.084202172485504434e-019
1.47271811768680042	148	1.4727181176868004199	1.084202172485504434e-019
1.4727181176868004198	149	1.4727181176868004199	1.084202172485504434e-019
1.4727181176868004199	150	1.4727181176868004199	0
1.4727181176868004198	151	1.4727181176868004199	1.084202172485504434e-019
1.4727181176868004198	152	1.4727181176868004199	1.084202172485504434e-019
1.4727181176868004198	153	1.4727181176868004199	1.084202172485504434e-019
1.4727181176868004198	154	1.4727181176868004199	1.084202172485504434e-019
1.47271811768680042	155	1.4727181176868004199	1.084202172485504434e-019
1.47271811768680042	156	1.4727181176868004199	1.084202172485504434e-019
1.4727181176868004198	157	1.4727181176868004199	1.084202172485504434e-019
1.4727181176868004197	158	1.4727181176868004199	2.168404344971008868e-019
1.4727181176868004199	159	1.4727181176868004199	0
1.4727181176868004198	160	1.4727181176868004199	1.084202172485504434e-019
1.4727181176868004198	161	1.4727181176868004199	1.084202172485504434e-019
1.4727181176868004198	162	1.4727181176868004199	1.084202172485504434e-019
1.4727181176868004198	163	1.4727181176868004199	1.084202172485504434e-019
1.4727181176868004198	164	1.4727181176868004199	1.084202172485504434e-019
1.4727181176868004199	165	1.4727181176868004199	0
1.4727181176868004198	166	1.4727181176868004199	1.084202172485504434e-019
1.4727181176868004198	167	1.4727181176868004199	1.084202172485504434e-019
1.4727181176868004199	168	1.4727181176868004199	0
1.4727181176868004199	169	1.4727181176868004199	0
1.4727181176868004199	170	1.4727181176868004199	0
1.4727181176868004198	171	1.4727181176868004199	1.084202172485504434e-019
1.4727181176868004199	172	1.4727181176868004199	0
1.4727181176868004199	173	1.4727181176868004199	0
1.4727181176868004199	174	1.4727181176868004199	0
1.4727181176868004199	175	1.4727181176868004199	0
1.47271811768680042	176	1.4727181176868004199	1.084202172485504434e-019
1.4727181176868004198	177	1.4727181176868004199	1.084202172485504434e-019
1.4727181176868004198	178	1.4727181176868004199	1.084202172485504434e-019
1.4727181176868004198	179	1.4727181176868004199	1.084202172485504434e-019
1.4727181176868004198	180	1.4727181176868004199	1.084202172485504434e-019
1.4727181176868004198	181	1.4727181176868004199	1.084202172485504434e-019
1.4727181176868004197	182	1.4727181176868004199	2.168404344971008868e-019
1.4727181176868004198	183	1.4727181176868004199	1.084202172485504434e-019
1.47271811768680042	184	1.4727181176868004199	1.084202172485504434e-019
1.4727181176868004197	185	1.4727181176868004199	2.168404344971008868e-019
1.47271811768680042	186	1.4727181176868004199	1.084202172485504434e-019
1.4727181176868004199	187	1.4727181176868004199	0
1.4727181176868004199	188	1.4727181176868004199	0
1.4727181176868004199	189	1.4727181176868004199	0
1.4727181176868004199	190	1.4727181176868004199	0
1.4727181176868004199	191	1.4727181176868004199	0
1.4727181176868004199	192	1.4727181176868004199	0
1.4727181176868004198	193	1.4727181176868004199	1.084202172485504434e-019
1.4727181176868004199	194	1.4727181176868004199	0
1.4727181176868004198	195	1.4727181176868004199	1.084202172485504434e-019
1.4727181176868004198	196	1.4727181176868004199	1.084202172485504434e-019
1.4727181176868004198	197	1.4727181176868004199	1.084202172485504434e-019
1.4727181176868004199	198	1.4727181176868004199	0
1.4727181176868004198	199	1.4727181176868004199	1.084202172485504434e-019
1.4727181176868004198	200	1.4727181176868004199	1.084202172485504434e-019
1.4727181176868004199	201	1.4727181176868004199	0
1.47271811768680042	202	1.4727181176868004199	1.084202172485504434e-019
1.4727181176868004199	203	1.4727181176868004199	0
1.4727181176868004198	204	1.4727181176868004199	1.084202172485504434e-019
1.4727181176868004198	205	1.4727181176868004199	1.084202172485504434e-019
1.4727181176868004198	206	1.4727181176868004199	1.084202172485504434e-019
1.4727181176868004198	207	1.4727181176868004199	1.084202172485504434e-019
1.4727181176868004198	208	1.4727181176868004199	1.084202172485504434e-019
1.4727181176868004199	209	1.4727181176868004199	0
1.4727181176868004198	210	1.4727181176868004199	1.084202172485504434e-019
1.4727181176868004198	211	1.4727181176868004199	1.084202172485504434e-019
1.4727181176868004198	212	1.4727181176868004199	1.084202172485504434e-019
1.4727181176868004198	213	1.4727181176868004199	1.084202172485504434e-019
1.47271811768680042	214	1.4727181176868004199	1.084202172485504434e-019
1.4727181176868004198	215	1.4727181176868004199	1.084202172485504434e-019
1.4727181176868004198	216	1.4727181176868004199	1.084202172485504434e-019
1.4727181176868004199	217	1.4727181176868004199	0
1.4727181176868004197	218	1.4727181176868004199	2.168404344971008868e-019
1.4727181176868004199	219	1.4727181176868004199	0
1.4727181176868004199	220	1.4727181176868004199	0
1.4727181176868004199	221	1.4727181176868004199	0
1.4727181176868004198	222	1.4727181176868004199	1.084202172485504434e-019
1.4727181176868004198	223	1.4727181176868004199	1.084202172485504434e-019
1.4727181176868004199	224	1.4727181176868004199	0
1.4727181176868004199	225	1.4727181176868004199	0
1.47271811768680042	226	1.4727181176868004199	1.084202172485504434e-019
1.4727181176868004198	227	1.4727181176868004199	1.084202172485504434e-019
1.4727181176868004198	228	1.4727181176868004199	1.084202172485504434e-019
1.4727181176868004198	229	1.4727181176868004199	1.084202172485504434e-019
1.4727181176868004198	230	1.4727181176868004199	1.084202172485504434e-019
1.4727181176868004198	231	1.4727181176868004199	1.084202172485504434e-019
1.47271811768680042	232	1.4727181176868004199	1.084202172485504434e-019
1.4727181176868004199	233	1.4727181176868004199	0
1.4727181176868004197	234	1.4727181176868004199	2.168404344971008868e-019
1.4727181176868004199	235	1.4727181176868004199	0
1.4727181176868004199	236	1.4727181176868004199	0
1.4727181176868004198	237	1.4727181176868004199	1.084202172485504434e-019
1.4727181176868004198	238	1.4727181176868004199	1.084202172485504434e-019
1.4727181176868004198	239	1.4727181176868004199	1.084202172485504434e-019
1.4727181176868004199	240	1.4727181176868004199	0
1.4727181176868004199	241	1.4727181176868004199	0
1.4727181176868004199	242	1.4727181176868004199	0
1.4727181176868004198	243	1.4727181176868004199	1.084202172485504434e-019
1.4727181176868004198	244	1.4727181176868004199	1.084202172485504434e-019
1.4727181176868004198	245	1.4727181176868004199	1.084202172485504434e-019
1.4727181176868004199	246	1.4727181176868004199	0
1.4727181176868004198	247	1.4727181176868004199	1.084202172485504434e-019
1.4727181176868004199	248	1.4727181176868004199	0
1.4727181176868004199	249	1.4727181176868004199	0
1.4727181176868004198	250	1.4727181176868004199	1.084202172485504434e-019
1.4727181176868004197	251	1.4727181176868004199	2.168404344971008868e-019
1.4727181176868004199	252	1.4727181176868004199	0
1.4727181176868004198	253	1.4727181176868004199	1.084202172485504434e-019
1.4727181176868004198	254	1.4727181176868004199	1.084202172485504434e-019
1.4727181176868004198	255	1.4727181176868004199	1.084202172485504434e-019
1.4727181176868004198	256	1.4727181176868004199	1.084202172485504434e-019
1.4727181176868004198	257	1.4727181176868004199	1.084202172485504434e-019
1.4727181176868004198	258	1.4727181176868004199	1.084202172485504434e-019
1.4727181176868004198	259	1.4727181176868004199	1.084202172485504434e-019
1.4727181176868004199	260	1.4727181176868004199	0
1.4727181176868004198	261	1.4727181176868004199	1.084202172485504434e-019
1.4727181176868004199	262	1.4727181176868004199	0
1.4727181176868004199	263	1.4727181176868004199	0
1.4727181176868004199	264	1.4727181176868004199	0
1.4727181176868004199	265	1.4727181176868004199	0
1.4727181176868004198	266	1.4727181176868004199	1.084202172485504434e-019
1.4727181176868004199	267	1.4727181176868004199	0
1.4727181176868004199	268	1.4727181176868004199	0
1.4727181176868004199	269	1.4727181176868004199	0
1.4727181176868004199	270	1.4727181176868004199	0
1.4727181176868004199	271	1.4727181176868004199	0
1.4727181176868004199	272	1.4727181176868004199	0
1.4727181176868004199	273	1.4727181176868004199	0
1.47271811768680042	274	1.4727181176868004199	1.084202172485504434e-019
1.4727181176868004199	275	1.4727181176868004199	0
1.4727181176868004199	276	1.4727181176868004199	0
1.4727181176868004199	277	1.4727181176868004199	0
1.4727181176868004197	278	1.4727181176868004199	2.168404344971008868e-019
1.4727181176868004199	279	1.4727181176868004199	0
1.4727181176868004198	280	1.4727181176868004199	1.084202172485504434e-019
1.4727181176868004199	281	1.4727181176868004199	0
1.4727181176868004199	282	1.4727181176868004199	0
1.4727181176868004199	283	1.4727181176868004199	0
1.4727181176868004197	284	1.4727181176868004199	2.168404344971008868e-019
1.4727181176868004198	285	1.4727181176868004199	1.084202172485504434e-019
1.4727181176868004199	286	1.4727181176868004199	0
1.4727181176868004198	287	1.4727181176868004199	1.084202172485504434e-019
1.4727181176868004197	288	1.4727181176868004199	2.168404344971008868e-019
1.4727181176868004198	289	1.4727181176868004199	1.084202172485504434e-019
1.4727181176868004198	290	1.4727181176868004199	1.084202172485504434e-019
1.4727181176868004198	291	1.4727181176868004199	1.084202172485504434e-019
1.4727181176868004198	292	1.4727181176868004199	1.084202172485504434e-019
1.4727181176868004198	293	1.4727181176868004199	1.084202172485504434e-019
1.4727181176868004199	294	1.4727181176868004199	0
1.4727181176868004199	295	1.4727181176868004199	0
1.4727181176868004198	296	1.4727181176868004199	1.084202172485504434e-019
1.4727181176868004198	297	1.4727181176868004199	1.084202172485504434e-019
1.4727181176868004198	298	1.4727181176868004199	1.084202172485504434e-019
1.4727181176868004198	299	1.4727181176868004199	1.084202172485504434e-019
1.4727181176868004199	300	1.4727181176868004199	0
1.4727181176868004199	301	1.4727181176868004199	0
1.4727181176868004198	302	1.4727181176868004199	1.084202172485504434e-019
1.47271811768680042	303	1.4727181176868004199	1.084202172485504434e-019
1.4727181176868004198	304	1.4727181176868004199	1.084202172485504434e-019
1.4727181176868004198	305	1.4727181176868004199	1.084202172485504434e-019
1.4727181176868004198	306	1.4727181176868004199	1.084202172485504434e-019
1.4727181176868004199	307	1.4727181176868004199	0
1.4727181176868004199	308	1.4727181176868004199	0
1.4727181176868004199	309	1.4727181176868004199	0
1.4727181176868004199	310	1.4727181176868004199	0
1.4727181176868004199	311	1.4727181176868004199	0
1.4727181176868004197	312	1.4727181176868004199	2.168404344971008868e-019
1.4727181176868004198	313	1.4727181176868004199	1.084202172485504434e-019
1.4727181176868004199	314	1.4727181176868004199	0
1.4727181176868004199	315	1.4727181176868004199	0
1.4727181176868004198	316	1.4727181176868004199	1.084202172485504434e-019
1.47271811768680042	317	1.4727181176868004199	1.084202172485504434e-019
1.4727181176868004199	318	1.4727181176868004199	0
1.4727181176868004198	319	1.4727181176868004199	1.084202172485504434e-019
1.4727181176868004199	320	1.4727181176868004199	0
1.4727181176868004199	321	1.4727181176868004199	0
1.4727181176868004198	322	1.4727181176868004199	1.084202172485504434e-019
1.4727181176868004199	323	1.4727181176868004199	0
1.4727181176868004198	324	1.4727181176868004199	1.084202172485504434e-019
1.4727181176868004199	325	1.4727181176868004199	0
1.4727181176868004199	326	1.4727181176868004199	0
1.4727181176868004198	327	1.4727181176868004199	1.084202172485504434e-019
1.4727181176868004198	328	1.4727181176868004199	1.084202172485504434e-019
1.4727181176868004199	329	1.4727181176868004199	0
1.4727181176868004198	330	1.4727181176868004199	1.084202172485504434e-019
1.4727181176868004198	331	1.4727181176868004199	1.084202172485504434e-019
1.4727181176868004198	332	1.4727181176868004199	1.084202172485504434e-019
1.4727181176868004198	333	1.4727181176868004199	1.084202172485504434e-019
1.4727181176868004198	334	1.4727181176868004199	1.084202172485504434e-019
1.4727181176868004199	335	1.4727181176868004199	0
1.4727181176868004198	336	1.4727181176868004199	1.084202172485504434e-019
1.4727181176868004199	337	1.4727181176868004199	0
1.4727181176868004198	338	1.4727181176868004199	1.084202172485504434e-019
1.4727181176868004199	339	1.4727181176868004199	0
1.4727181176868004199	340	1.4727181176868004199	0
1.4727181176868004198	341	1.4727181176868004199	1.084202172485504434e-019
1.4727181176868004199	342	1.4727181176868004199	0
1.4727181176868004199	343	1.4727181176868004199	0
1.4727181176868004198	344	1.4727181176868004199	1.084202172485504434e-019
1.4727181176868004199	345	1.4727181176868004199	0
1.4727181176868004198	346	1.4727181176868004199	1.084202172485504434e-019
1.4727181176868004199	347	1.4727181176868004199	0
1.4727181176868004199	348	1.4727181176868004199	0
1.4727181176868004198	349	1.4727181176868004199	1.084202172485504434e-019
1.4727181176868004199	350	1.4727181176868004199	0
1.4727181176868004198	351	1.4727181176868004199	1.084202172485504434e-019
1.4727181176868004199	352	1.4727181176868004199	0
1.4727181176868004198	353	1.4727181176868004199	1.084202172485504434e-019
1.4727181176868004198	354	1.4727181176868004199	1.084202172485504434e-019
1.4727181176868004197	355	1.4727181176868004199	2.168404344971008868e-019
1.4727181176868004198	356	1.4727181176868004199	1.084202172485504434e-019
1.4727181176868004198	357	1.4727181176868004199	1.084202172485504434e-019
1.4727181176868004198	358	1.4727181176868004199	1.084202172485504434e-019
1.47271811768680042	359	1.4727181176868004199	1.084202172485504434e-019
1.4727181176868004198	360	1.4727181176868004199	1.084202172485504434e-019
1.4727181176868004198	361	1.4727181176868004199	1.084202172485504434e-019
1.4727181176868004199	362	1.4727181176868004199	0
1.4727181176868004197	363	1.4727181176868004199	2.168404344971008868e-019
1.4727181176868004198	364	1.4727181176868004199	1.084202172485504434e-019
1.4727181176868004198	365	1.4727181176868004199	1.084202172485504434e-019
1.4727181176868004198	366	1.4727181176868004199	1.084202172485504434e-019
1.4727181176868004198	367	1.4727181176868004199	1.084202172485504434e-019
1.4727181176868004198	368	1.4727181176868004199	1.084202172485504434e-019
1.4727181176868004199	369	1.4727181176868004199	0
1.4727181176868004199	370	1.4727181176868004199	0
1.4727181176868004198	371	1.4727181176868004199	1.084202172485504434e-019
1.4727181176868004199	372	1.4727181176868004199	0
1.4727181176868004198	373	1.4727181176868004199	1.084202172485504434e-019
1.4727181176868004199	374	1.4727181176868004199	0
1.47271811768680042	375	1.4727181176868004199	1.084202172485504434e-019
1.4727181176868004198	376	1.4727181176868004199	1.084202172485504434e-019
1.4727181176868004198	377	1.4727181176868004199	1.084202172485504434e-019
1.4727181176868004197	378	1.4727181176868004199	2.168404344971008868e-019
1.4727181176868004198	379	1.4727181176868004199	1.084202172485504434e-019
1.4727181176868004198	380	1.4727181176868004199	1.084202172485504434e-019
1.4727181176868004198	381	1.4727181176868004199	1.084202172485504434e-019
1.4727181176868004199	382	1.4727181176868004199	0
1.4727181176868004199	383	1.4727181176868004199	0
1.4727181176868004198	384	1.4727181176868004199	1.084202172485504434e-019
1.4727181176868004198	385	1.4727181176868004199	1.084202172485504434e-019
1.4727181176868004198	386	1.4727181176868004199	1.084202172485504434e-019
1.4727181176868004198	387	1.4727181176868004199	1.084202172485504434e-019
1.4727181176868004199	388	1.4727181176868004199	0
1.4727181176868004199	389	1.4727181176868004199	0
1.4727181176868004198	390	1.4727181176868004199	1.084202172485504434e-019
1.4727181176868004197	391	1.4727181176868004199	2.168404344971008868e-019
1.4727181176868004198	392	1.4727181176868004199	1.084202172485504434e-019
1.4727181176868004198	393	1.4727181176868004199	1.084202172485504434e-019
1.4727181176868004199	394	1.4727181176868004199	0
1.4727181176868004199	395	1.4727181176868004199	0
1.4727181176868004197	396	1.4727181176868004199	2.168404344971008868e-019
1.4727181176868004198	397	1.4727181176868004199	1.084202172485504434e-019
1.4727181176868004199	398	1.4727181176868004199	0
1.4727181176868004199	399	1.4727181176868004199	0
1.4727181176868004198	400	1.4727181176868004199	1.084202172485504434e-019
1.4727181176868004198	401	1.4727181176868004199	1.084202172485504434e-019
1.4727181176868004199	402	1.4727181176868004199	0
1.4727181176868004199	403	1.4727181176868004199	0
1.4727181176868004197	404	1.4727181176868004199	2.168404344971008868e-019
1.4727181176868004199	405	1.4727181176868004199	0
1.4727181176868004198	406	1.4727181176868004199	1.084202172485504434e-019
1.47271811768680042	407	1.4727181176868004199	1.084202172485504434e-019
1.4727181176868004198	408	1.4727181176868004199	1.084202172485504434e-019
1.4727181176868004198	409	1.4727181176868004199	1.084202172485504434e-019
1.4727181176868004199	410	1.4727181176868004199	0
1.4727181176868004199	411	1.4727181176868004199	0
1.4727181176868004198	412	1.4727181176868004199	1.084202172485504434e-019
1.4727181176868004198	413	1.4727181176868004199	1.084202172485504434e-019
1.4727181176868004198	414	1.4727181176868004199	1.084202172485504434e-019
1.4727181176868004199	415	1.4727181176868004199	0
1.4727181176868004198	416	1.4727181176868004199	1.084202172485504434e-019
1.4727181176868004199	417	1.4727181176868004199	0
1.4727181176868004199	418	1.4727181176868004199	0
1.4727181176868004198	419	1.4727181176868004199	1.084202172485504434e-019
1.4727181176868004198	420	1.4727181176868004199	1.084202172485504434e-019
1.4727181176868004199	421	1.4727181176868004199	0
1.4727181176868004199	422	1.4727181176868004199	0
1.47271811768680042	423	1.4727181176868004199	1.084202172485504434e-019
1.4727181176868004198	424	1.4727181176868004199	1.084202172485504434e-019
1.4727181176868004198	425	1.4727181176868004199	1.084202172485504434e-019
1.4727181176868004199	426	1.4727181176868004199	0
1.4727181176868004199	427	1.4727181176868004199	0
1.4727181176868004198	428	1.4727181176868004199	1.084202172485504434e-019
1.4727181176868004198	429	1.4727181176868004199	1.084202172485504434e-019
1.4727181176868004199	430	1.4727181176868004199	0
1.4727181176868004199	431	1.4727181176868004199	0
1.4727181176868004198	432	1.4727181176868004199	1.084202172485504434e-019
1.4727181176868004199	433	1.4727181176868004199	0
1.4727181176868004199	434	1.4727181176868004199	0
1.4727181176868004197	435	1.4727181176868004199	2.168404344971008868e-019
1.4727181176868004198	436	1.4727181176868004199	1.084202172485504434e-019
1.4727181176868004198	437	1.4727181176868004199	1.084202172485504434e-019
1.4727181176868004199	438	1.4727181176868004199	0
1.4727181176868004199	439	1.4727181176868004199	0
1.4727181176868004198	440	1.4727181176868004199	1.084202172485504434e-019
1.4727181176868004197	441	1.4727181176868004199	2.168404344971008868e-019
1.4727181176868004199	442	1.4727181176868004199	0
1.4727181176868004198	443	1.4727181176868004199	1.084202172485504434e-019
1.4727181176868004198	444	1.4727181176868004199	1.084202172485504434e-019
1.4727181176868004199	445	1.4727181176868004199	0
1.4727181176868004198	446	1.4727181176868004199	1.084202172485504434e-019
1.4727181176868004198	447	1.4727181176868004199	1.084202172485504434e-019
1.4727181176868004199	448	1.4727181176868004199	0
1.4727181176868004198	449	1.4727181176868004199	1.084202172485504434e-019
1.4727181176868004199	450	1.4727181176868004199	0
1.4727181176868004199	451	1.4727181176868004199	0
1.4727181176868004198	452	1.4727181176868004199	1.084202172485504434e-019
1.4727181176868004199	453	1.4727181176868004199	0
1.4727181176868004199	454	1.4727181176868004199	0
1.4727181176868004198	455	1.4727181176868004199	1.084202172485504434e-019
1.4727181176868004199	456	1.4727181176868004199	0
1.4727181176868004198	457	1.4727181176868004199	1.084202172485504434e-019
1.4727181176868004199	458	1.4727181176868004199	0
1.4727181176868004198	459	1.4727181176868004199	1.084202172485504434e-019
1.4727181176868004198	460	1.4727181176868004199	1.084202172485504434e-019
1.4727181176868004198	461	1.4727181176868004199	1.084202172485504434e-019
1.4727181176868004197	462	1.4727181176868004199	2.168404344971008868e-019
1.4727181176868004198	463	1.4727181176868004199	1.084202172485504434e-019
1.4727181176868004198	464	1.4727181176868004199	1.084202172485504434e-019
1.4727181176868004199	465	1.4727181176868004199	0
1.4727181176868004198	466	1.4727181176868004199	1.084202172485504434e-019
1.4727181176868004198	467	1.4727181176868004199	1.084202172485504434e-019
1.4727181176868004198	468	1.4727181176868004199	1.084202172485504434e-019
1.4727181176868004198	469	1.4727181176868004199	1.084202172485504434e-019
1.4727181176868004199	470	1.4727181176868004199	0
1.4727181176868004198	471	1.4727181176868004199	1.084202172485504434e-019
1.4727181176868004197	472	1.4727181176868004199	2.168404344971008868e-019
1.4727181176868004198	473	1.4727181176868004199	1.084202172485504434e-019
1.4727181176868004199	474	1.4727181176868004199	0
1.4727181176868004199	475	1.4727181176868004199	0
1.4727181176868004199	476	1.4727181176868004199	0
1.4727181176868004198	477	1.4727181176868004199	1.084202172485504434e-019
1.4727181176868004198	478	1.4727181176868004199	1.084202172485504434e-019
1.4727181176868004197	479	1.4727181176868004199	2.168404344971008868e-019
1.4727181176868004198	480	1.4727181176868004199	1.084202172485504434e-019
1.4727181176868004199	481	1.4727181176868004199	0
1.4727181176868004197	482	1.4727181176868004199	2.168404344971008868e-019
1.4727181176868004198	483	1.4727181176868004199	1.084202172485504434e-019
1.4727181176868004199	484	1.4727181176868004199	0
1.4727181176868004199	485	1.4727181176868004199	0
1.4727181176868004198	486	1.4727181176868004199	1.084202172485504434e-019
1.4727181176868004197	487	1.4727181176868004199	2.168404344971008868e-019
1.47271811768680042	488	1.4727181176868004199	1.084202172485504434e-019
1.4727181176868004199	489	1.4727181176868004199	0
1.4727181176868004198	490	1.4727181176868004199	1.084202172485504434e-019
1.47271811768680042	491	1.4727181176868004199	1.084202172485504434e-019
1.4727181176868004198	492	1.4727181176868004199	1.084202172485504434e-019
1.4727181176868004198	493	1.4727181176868004199	1.084202172485504434e-019
1.4727181176868004197	494	1.4727181176868004199	2.168404344971008868e-019
1.4727181176868004198	495	1.4727181176868004199	1.084202172485504434e-019
1.4727181176868004199	496	1.4727181176868004199	0
1.4727181176868004199	497	1.4727181176868004199	0
1.4727181176868004198	498	1.4727181176868004199	1.084202172485504434e-019
1.4727181176868004198	499	1.4727181176868004199	1.084202172485504434e-019
1.4727181176868004197	500	1.4727181176868004199	2.168404344971008868e-019
1.4727181176868004199	501	1.4727181176868004199	0
1.4727181176868004198	502	1.4727181176868004199	1.084202172485504434e-019
1.4727181176868004198	503	1.4727181176868004199	1.084202172485504434e-019
1.4727181176868004199	504	1.4727181176868004199	0
1.4727181176868004198	505	1.4727181176868004199	1.084202172485504434e-019
1.4727181176868004199	506	1.4727181176868004199	0
1.4727181176868004198	507	1.4727181176868004199	1.084202172485504434e-019
1.4727181176868004198	508	1.4727181176868004199	1.084202172485504434e-019
1.4727181176868004199	509	1.4727181176868004199	0
1.4727181176868004198	510	1.4727181176868004199	1.084202172485504434e-019
1.4727181176868004197	511	1.4727181176868004199	2.168404344971008868e-019
1.4727181176868004199	512	1.4727181176868004199	0
1.4727181176868004199	513	1.4727181176868004199	0
1.4727181176868004198	514	1.4727181176868004199	1.084202172485504434e-019
1.4727181176868004197	515	1.4727181176868004199	2.168404344971008868e-019
1.4727181176868004198	516	1.4727181176868004199	1.084202172485504434e-019
1.4727181176868004198	517	1.4727181176868004199	1.084202172485504434e-019
1.4727181176868004199	518	1.4727181176868004199	0
1.4727181176868004199	519	1.4727181176868004199	0
1.4727181176868004198	520	1.4727181176868004199	1.084202172485504434e-019
1.4727181176868004198	521	1.4727181176868004199	1.084202172485504434e-019
1.4727181176868004199	522	1.4727181176868004199	0
1.4727181176868004198	523	1.4727181176868004199	1.084202172485504434e-019
1.4727181176868004199	524	1.4727181176868004199	0
1.4727181176868004199	525	1.4727181176868004199	0
1.47271811768680042	526	1.4727181176868004199	1.084202172485504434e-019
1.4727181176868004199	527	1.4727181176868004199	0
1.4727181176868004199	528	1.4727181176868004199	0
1.4727181176868004199	529	1.4727181176868004199	0
1.4727181176868004198	530	1.4727181176868004199	1.084202172485504434e-019
1.4727181176868004199	531	1.4727181176868004199	0
1.4727181176868004199	532	1.4727181176868004199	0
1.4727181176868004198	533	1.4727181176868004199	1.084202172485504434e-019
1.4727181176868004198	534	1.4727181176868004199	1.084202172485504434e-019
1.4727181176868004198	535	1.4727181176868004199	1.084202172485504434e-019
1.4727181176868004199	536	1.4727181176868004199	0
1.4727181176868004197	537	1.4727181176868004199	2.168404344971008868e-019
1.4727181176868004198	538	1.4727181176868004199	1.084202172485504434e-019
1.4727181176868004199	539	1.4727181176868004199	0
1.4727181176868004198	540	1.4727181176868004199	1.084202172485504434e-019
1.4727181176868004198	541	1.4727181176868004199	1.084202172485504434e-019
1.4727181176868004198	542	1.4727181176868004199	1.084202172485504434e-019
1.4727181176868004199	543	1.4727181176868004199	0
1.4727181176868004198	544	1.4727181176868004199	1.084202172485504434e-019
1.4727181176868004198	545	1.4727181176868004199	1.084202172485504434e-019
1.4727181176868004198	546	1.4727181176868004199	1.084202172485504434e-019
1.47271811768680042	547	1.4727181176868004199	1.084202172485504434e-019
1.4727181176868004198	548	1.4727181176868004199	1.084202172485504434e-019
1.4727181176868004199	549	1.4727181176868004199	0
1.4727181176868004199	550	1.4727181176868004199	0
1.4727181176868004199	551	1.4727181176868004199	0
1.4727181176868004198	552	1.4727181176868004199	1.084202172485504434e-019
1.4727181176868004198	553	1.4727181176868004199	1.084202172485504434e-019
1.4727181176868004198	554	1.4727181176868004199	1.084202172485504434e-019
1.4727181176868004198	555	1.4727181176868004199	1.084202172485504434e-019
1.4727181176868004199	556	1.4727181176868004199	0
1.47271811768680042	557	1.4727181176868004199	1.084202172485504434e-019
1.4727181176868004199	558	1.4727181176868004199	0
1.4727181176868004198	559	1.4727181176868004199	1.084202172485504434e-019
1.4727181176868004198	560	1.4727181176868004199	1.084202172485504434e-019
1.4727181176868004198	561	1.4727181176868004199	1.084202172485504434e-019
1.4727181176868004199	562	1.4727181176868004199	0
1.4727181176868004197	563	1.4727181176868004199	2.168404344971008868e-019
1.4727181176868004198	564	1.4727181176868004199	1.084202172485504434e-019
1.4727181176868004199	565	1.4727181176868004199	0
1.4727181176868004198	566	1.4727181176868004199	1.084202172485504434e-019
1.4727181176868004198	567	1.4727181176868004199	1.084202172485504434e-019
1.4727181176868004199	568	1.4727181176868004199	0
1.4727181176868004199	569	1.4727181176868004199	0
1.4727181176868004199	570	1.4727181176868004199	0
1.4727181176868004197	571	1.4727181176868004199	2.168404344971008868e-019
1.4727181176868004198	572	1.4727181176868004199	1.084202172485504434e-019
1.4727181176868004199	573	1.4727181176868004199	0
1.4727181176868004199	574	1.4727181176868004199	0
1.4727181176868004199	575	1.4727181176868004199	0
1.4727181176868004197	576	1.4727181176868004199	2.168404344971008868e-019
1.4727181176868004198	577	1.4727181176868004199	1.084202172485504434e-019
1.4727181176868004198	578	1.4727181176868004199	1.084202172485504434e-019
1.4727181176868004198	579	1.4727181176868004199	1.084202172485504434e-019
1.4727181176868004198	580	1.4727181176868004199	1.084202172485504434e-019
1.4727181176868004199	581	1.4727181176868004199	0
1.4727181176868004198	582	1.4727181176868004199	1.084202172485504434e-019
1.4727181176868004197	583	1.4727181176868004199	2.168404344971008868e-019
1.4727181176868004197	584	1.4727181176868004199	2.168404344971008868e-019
1.47271811768680042	585	1.4727181176868004199	1.084202172485504434e-019
1.47271811768680042	586	1.4727181176868004199	1.084202172485504434e-019
1.4727181176868004199	587	1.4727181176868004199	0
1.4727181176868004198	588	1.4727181176868004199	1.084202172485504434e-019
1.4727181176868004198	589	1.4727181176868004199	1.084202172485504434e-019
1.4727181176868004198	590	1.4727181176868004199	1.084202172485504434e-019
1.4727181176868004198	591	1.4727181176868004199	1.084202172485504434e-019
1.4727181176868004199	592	1.4727181176868004199	0
1.4727181176868004197	593	1.4727181176868004199	2.168404344971008868e-019
1.4727181176868004199	594	1.4727181176868004199	0
1.4727181176868004199	595	1.4727181176868004199	0
1.4727181176868004198	596	1.4727181176868004199	1.084202172485504434e-019
1.4727181176868004199	597	1.4727181176868004199	0
1.4727181176868004198	598	1.4727181176868004199	1.084202172485504434e-019
1.4727181176868004198	599	1.4727181176868004199	1.084202172485504434e-019
1.4727181176868004198	600	1.4727181176868004199	1.084202172485504434e-019
1.4727181176868004199	601	1.4727181176868004199	0
1.4727181176868004198	602	1.4727181176868004199	1.084202172485504434e-019
1.4727181176868004199	603	1.4727181176868004199	0
1.4727181176868004199	604	1.4727181176868004199	0
1.4727181176868004198	605	1.4727181176868004199	1.084202172485504434e-019
1.4727181176868004198	606	1.4727181176868004199	1.084202172485504434e-019
1.4727181176868004199	607	1.4727181176868004199	0
1.4727181176868004198	608	1.4727181176868004199	1.084202172485504434e-019
1.4727181176868004197	609	1.4727181176868004199	2.168404344971008868e-019
1.47271811768680042	610	1.4727181176868004199	1.084202172485504434e-019
1.4727181176868004198	611	1.4727181176868004199	1.084202172485504434e-019
1.4727181176868004199	612	1.4727181176868004199	0
1.4727181176868004198	613	1.4727181176868004199	1.084202172485504434e-019
1.4727181176868004199	614	1.4727181176868004199	0
1.4727181176868004198	615	1.4727181176868004199	1.084202172485504434e-019
1.4727181176868004198	616	1.4727181176868004199	1.084202172485504434e-019
1.4727181176868004198	617	1.4727181176868004199	1.084202172485504434e-019
1.4727181176868004198	618	1.4727181176868004199	1.084202172485504434e-019
1.4727181176868004198	619	1.4727181176868004199	1.084202172485504434e-019
1.4727181176868004199	620	1.4727181176868004199	0
1.4727181176868004198	621	1.4727181176868004199	1.084202172485504434e-019
1.4727181176868004198	622	1.4727181176868004199	1.084202172485504434e-019
1.4727181176868004199	623	1.4727181176868004199	0
1.4727181176868004199	624	1.4727181176868004199	0
1.4727181176868004199	625	1.4727181176868004199	0
1.4727181176868004198	626	1.4727181176868004199	1.084202172485504434e-019
1.4727181176868004199	627	1.4727181176868004199	0
1.4727181176868004198	628	1.4727181176868004199	1.084202172485504434e-019
1.4727181176868004199	629	1.4727181176868004199	0
1.4727181176868004199	630	1.4727181176868004199	0
1.4727181176868004198	631	1.4727181176868004199	1.084202172485504434e-019
1.4727181176868004198	632	1.4727181176868004199	1.084202172485504434e-019
1.4727181176868004199	633	1.4727181176868004199	0
1.4727181176868004198	634	1.4727181176868004199	1.084202172485504434e-019
1.4727181176868004199	635	1.4727181176868004199	0
1.4727181176868004199	636	1.4727181176868004199	0
1.4727181176868004197	637	1.4727181176868004199	2.168404344971008868e-019
1.4727181176868004198	638	1.4727181176868004199	1.084202172485504434e-019
1.4727181176868004199	639	1.4727181176868004199	0
1.4727181176868004198	640	1.4727181176868004199	1.084202172485504434e-019
1.4727181176868004199	641	1.4727181176868004199	0
1.4727181176868004199	642	1.4727181176868004199	0
1.4727181176868004199	643	1.4727181176868004199	0
1.4727181176868004199	644	1.4727181176868004199	0
1.4727181176868004198	645	1.4727181176868004199	1.084202172485504434e-019
1.4727181176868004198	646	1.4727181176868004199	1.084202172485504434e-019
1.4727181176868004198	647	1.4727181176868004199	1.084202172485504434e-019
1.47271811768680042	648	1.4727181176868004199	1.084202172485504434e-019
1.4727181176868004197	649	1.4727181176868004199	2.168404344971008868e-019
1.4727181176868004199	650	1.4727181176868004199	0
1.4727181176868004199	651	1.4727181176868004199	0
1.4727181176868004199	652	1.4727181176868004199	0
1.4727181176868004199	653	1.4727181176868004199	0
1.4727181176868004198	654	1.4727181176868004199	1.084202172485504434e-019
1.4727181176868004199	655	1.4727181176868004199	0
1.4727181176868004199	656	1.4727181176868004199	0
1.4727181176868004198	657	1.4727181176868004199	1.084202172485504434e-019
1.4727181176868004198	658	1.4727181176868004199	1.084202172485504434e-019
1.4727181176868004198	659	1.4727181176868004199	1.084202172485504434e-019
1.4727181176868004198	660	1.4727181176868004199	1.084202172485504434e-019
1.4727181176868004199	661	1.4727181176868004199	0
1.47271811768680042	662	1.4727181176868004199	1.084202172485504434e-019
1.4727181176868004198	663	1.4727181176868004199	1.084202172485504434e-019
1.4727181176868004198	664	1.4727181176868004199	1.084202172485504434e-019
1.4727181176868004198	665	1.4727181176868004199	1.084202172485504434e-019
1.4727181176868004198	666	1.4727181176868004199	1.084202172485504434e-019
1.4727181176868004199	667	1.4727181176868004199	0
1.4727181176868004198	668	1.4727181176868004199	1.084202172485504434e-019
1.4727181176868004199	669	1.4727181176868004199	0
1.4727181176868004198	670	1.4727181176868004199	1.084202172485504434e-019
1.4727181176868004197	671	1.4727181176868004199	2.168404344971008868e-019
1.4727181176868004198	672	1.4727181176868004199	1.084202172485504434e-019
1.47271811768680042	673	1.4727181176868004199	1.084202172485504434e-019
1.4727181176868004198	674	1.4727181176868004199	1.084202172485504434e-019
1.4727181176868004199	675	1.4727181176868004199	0
1.4727181176868004199	676	1.4727181176868004199	0
1.4727181176868004198	677	1.4727181176868004199	1.084202172485504434e-019
1.4727181176868004199	678	1.4727181176868004199	0
1.4727181176868004198	679	1.4727181176868004199	1.084202172485504434e-019
1.4727181176868004199	680	1.4727181176868004199	0
1.4727181176868004199	681	1.4727181176868004199	0
1.4727181176868004197	682	1.4727181176868004199	2.168404344971008868e-019
1.4727181176868004198	683	1.4727181176868004199	1.084202172485504434e-019
1.4727181176868004198	684	1.4727181176868004199	1.084202172485504434e-019
1.4727181176868004197	685	1.4727181176868004199	2.168404344971008868e-019
1.4727181176868004198	686	1.4727181176868004199	1.084202172485504434e-019
1.4727181176868004198	687	1.4727181176868004199	1.084202172485504434e-019
1.4727181176868004199	688	1.4727181176868004199	0
1.4727181176868004199	689	1.4727181176868004199	0
1.4727181176868004198	690	1.4727181176868004199	1.084202172485504434e-019
1.4727181176868004198	691	1.4727181176868004199	1.084202172485504434e-019
1.4727181176868004199	692	1.4727181176868004199	0
1.4727181176868004198	693	1.4727181176868004199	1.084202172485504434e-019
1.4727181176868004198	694	1.4727181176868004199	1.084202172485504434e-019
1.4727181176868004199	695	1.4727181176868004199	0
1.4727181176868004197	696	1.4727181176868004199	2.168404344971008868e-019
1.4727181176868004199	697	1.4727181176868004199	0
1.4727181176868004198	698	1.4727181176868004199	1.084202172485504434e-019
1.4727181176868004199	699	1.4727181176868004199	0
1.4727181176868004199	700	1.4727181176868004199	0
1.4727181176868004197	701	1.4727181176868004199	2.168404344971008868e-019
1.4727181176868004198	702	1.4727181176868004199	1.084202172485504434e-019
1.4727181176868004199	703	1.4727181176868004199	0
1.4727181176868004199	704	1.4727181176868004199	0
1.4727181176868004199	705	1.4727181176868004199	0
1.4727181176868004198	706	1.4727181176868004199	1.084202172485504434e-019
1.4727181176868004198	707	1.4727181176868004199	1.084202172485504434e-019
1.4727181176868004198	708	1.4727181176868004199	1.084202172485504434e-019
1.4727181176868004198	709	1.4727181176868004199	1.084202172485504434e-019
1.4727181176868004199	710	1.4727181176868004199	0
1.4727181176868004199	711	1.4727181176868004199	0
1.4727181176868004198	712	1.4727181176868004199	1.084202172485504434e-019
1.4727181176868004198	713	1.4727181176868004199	1.084202172485504434e-019
1.4727181176868004197	714	1.4727181176868004199	2.168404344971008868e-019
1.4727181176868004198	715	1.4727181176868004199	1.084202172485504434e-019
1.4727181176868004198	716	1.4727181176868004199	1.084202172485504434e-019
1.4727181176868004199	717	1.4727181176868004199	0
1.4727181176868004199	718	1.4727181176868004199	0
1.4727181176868004197	719	1.4727181176868004199	2.168404344971008868e-019
1.4727181176868004198	720	1.4727181176868004199	1.084202172485504434e-019
1.4727181176868004199	721	1.4727181176868004199	0
1.4727181176868004197	722	1.4727181176868004199	2.168404344971008868e-019
1.4727181176868004199	723	1.4727181176868004199	0
1.4727181176868004198	724	1.4727181176868004199	1.084202172485504434e-019
1.47271811768680042	725	1.4727181176868004199	1.084202172485504434e-019
1.4727181176868004199	726	1.4727181176868004199	0
1.4727181176868004199	727	1.4727181176868004199	0
1.4727181176868004198	728	1.4727181176868004199	1.084202172485504434e-019
1.4727181176868004199	729	1.4727181176868004199	0
1.4727181176868004198	730	1.4727181176868004199	1.084202172485504434e-019
1.4727181176868004198	731	1.4727181176868004199	1.084202172485504434e-019
1.4727181176868004198	732	1.4727181176868004199	1.084202172485504434e-019
1.4727181176868004198	733	1.4727181176868004199	1.084202172485504434e-019
1.4727181176868004198	734	1.4727181176868004199	1.084202172485504434e-019
1.4727181176868004199	735	1.4727181176868004199	0
1.4727181176868004199	736	1.4727181176868004199	0
1.4727181176868004199	737	1.4727181176868004199	0
1.4727181176868004198	738	1.4727181176868004199	1.084202172485504434e-019
1.4727181176868004198	739	1.4727181176868004199	1.084202172485504434e-019
1.4727181176868004199	740	1.4727181176868004199	0
1.4727181176868004198	741	1.4727181176868004199	1.084202172485504434e-019
1.4727181176868004198	742	1.4727181176868004199	1.084202172485504434e-019
1.4727181176868004199	743	1.4727181176868004199	0
1.4727181176868004199	744	1.4727181176868004199	0
1.4727181176868004198	745	1.4727181176868004199	1.084202172485504434e-019
1.4727181176868004198	746	1.4727181176868004199	1.084202172485504434e-019
1.4727181176868004198	747	1.4727181176868004199	1.084202172485504434e-019
1.4727181176868004199	748	1.4727181176868004199	0
1.4727181176868004198	749	1.4727181176868004199	1.084202172485504434e-019
1.47271811768680042	750	1.4727181176868004199	1.084202172485504434e-019
1.4727181176868004199	751	1.4727181176868004199	0
1.4727181176868004198	752	1.4727181176868004199	1.084202172485504434e-019
1.4727181176868004198	753	1.4727181176868004199	1.084202172485504434e-019
1.4727181176868004198	754	1.4727181176868004199	1.084202172485504434e-019
1.4727181176868004198	755	1.4727181176868004199	1.084202172485504434e-019
1.4727181176868004198	756	1.4727181176868004199	1.084202172485504434e-019
1.4727181176868004198	757	1.4727181176868004199	1.084202172485504434e-019
1.4727181176868004198	758	1.4727181176868004199	1.084202172485504434e-019
1.4727181176868004198	759	1.4727181176868004199	1.084202172485504434e-019
1.4727181176868004198	760	1.4727181176868004199	1.084202172485504434e-019
1.4727181176868004198	761	1.4727181176868004199	1.084202172485504434e-019
1.4727181176868004199	762	1.4727181176868004199	0
1.4727181176868004197	763	1.4727181176868004199	2.168404344971008868e-019
1.4727181176868004197	764	1.4727181176868004199	2.168404344971008868e-019
1.4727181176868004198	765	1.4727181176868004199	1.084202172485504434e-019
1.4727181176868004199	766	1.4727181176868004199	0
1.4727181176868004199	767	1.4727181176868004199	0
1.4727181176868004197	768	1.4727181176868004199	2.168404344971008868e-019
1.4727181176868004198	769	1.4727181176868004199	1.084202172485504434e-019
1.4727181176868004199	770	1.4727181176868004199	0
1.4727181176868004198	771	1.4727181176868004199	1.084202172485504434e-019
1.4727181176868004199	772	1.4727181176868004199	0
1.4727181176868004198	773	1.4727181176868004199	1.084202172485504434e-019
1.4727181176868004198	774	1.4727181176868004199	1.084202172485504434e-019
1.4727181176868004198	775	1.4727181176868004199	1.084202172485504434e-019
1.47271811768680042	776	1.4727181176868004199	1.084202172485504434e-019
1.4727181176868004199	777	1.4727181176868004199	0
1.4727181176868004198	778	1.4727181176868004199	1.084202172485504434e-019
1.4727181176868004198	779	1.4727181176868004199	1.084202172485504434e-019
1.4727181176868004198	780	1.4727181176868004199	1.084202172485504434e-019
1.4727181176868004199	781	1.4727181176868004199	0
1.4727181176868004198	782	1.4727181176868004199	1.084202172485504434e-019
1.4727181176868004199	783	1.4727181176868004199	0
1.4727181176868004199	784	1.4727181176868004199	0
1.4727181176868004198	785	1.4727181176868004199	1.084202172485504434e-019
1.4727181176868004198	786	1.4727181176868004199	1.084202172485504434e-019
1.4727181176868004199	787	1.4727181176868004199	0
1.4727181176868004199	788	1.4727181176868004199	0
1.4727181176868004199	789	1.4727181176868004199	0
1.4727181176868004198	790	1.4727181176868004199	1.084202172485504434e-019
1.4727181176868004199	791	1.4727181176868004199	0
1.4727181176868004199	792	1.4727181176868004199	0
1.4727181176868004198	793	1.4727181176868004199	1.084202172485504434e-019
1.4727181176868004198	794	1.4727181176868004199	1.084202172485504434e-019
1.4727181176868004199	795	1.4727181176868004199	0
1.4727181176868004198	796	1.4727181176868004199	1.084202172485504434e-019
1.4727181176868004199	797	1.4727181176868004199	0
1.4727181176868004198	798	1.4727181176868004199	1.084202172485504434e-019
1.4727181176868004199	799	1.4727181176868004199	0
1.4727181176868004198	800	1.4727181176868004199	1.084202172485504434e-019
1.4727181176868004198	801	1.4727181176868004199	1.084202172485504434e-019
1.4727181176868004199	802	1.4727181176868004199	0
1.4727181176868004199	803	1.4727181176868004199	0
1.4727181176868004199	804	1.4727181176868004199	0
1.4727181176868004199	805	1.4727181176868004199	0
1.4727181176868004199	806	1.4727181176868004199	0
1.4727181176868004198	807	1.4727181176868004199	1.084202172485504434e-019
1.4727181176868004199	808	1.4727181176868004199	0
1.4727181176868004197	809	1.4727181176868004199	2.168404344971008868e-019
1.4727181176868004198	810	1.4727181176868004199	1.084202172485504434e-019
1.4727181176868004199	811	1.4727181176868004199	0
1.4727181176868004198	812	1.4727181176868004199	1.084202172485504434e-019
1.4727181176868004197	813	1.4727181176868004199	2.168404344971008868e-019
1.4727181176868004198	814	1.4727181176868004199	1.084202172485504434e-019
1.4727181176868004199	815	1.4727181176868004199	0
1.4727181176868004199	816	1.4727181176868004199	0
1.4727181176868004199	817	1.4727181176868004199	0
1.4727181176868004199	818	1.4727181176868004199	0
1.4727181176868004197	819	1.4727181176868004199	2.168404344971008868e-019
1.4727181176868004198	820	1.4727181176868004199	1.084202172485504434e-019
1.47271811768680042	821	1.4727181176868004199	1.084202172485504434e-019
1.4727181176868004199	822	1.4727181176868004199	0
1.4727181176868004199	823	1.4727181176868004199	0
1.4727181176868004199	824	1.4727181176868004199	0
1.4727181176868004199	825	1.4727181176868004199	0
1.4727181176868004199	826	1.4727181176868004199	0
1.4727181176868004199	827	1.4727181176868004199	0
1.4727181176868004199	828	1.4727181176868004199	0
1.4727181176868004199	829	1.4727181176868004199	0
1.4727181176868004199	830	1.4727181176868004199	0
1.4727181176868004199	831	1.4727181176868004199	0
1.4727181176868004198	832	1.4727181176868004199	1.084202172485504434e-019
1.4727181176868004199	833	1.4727181176868004199	0
1.4727181176868004199	834	1.4727181176868004199	0
1.4727181176868004199	835	1.4727181176868004199	0
1.4727181176868004199	836	1.4727181176868004199	0
1.4727181176868004198	837	1.4727181176868004199	1.084202172485504434e-019
1.4727181176868004198	838	1.4727181176868004199	1.084202172485504434e-019
1.4727181176868004199	839	1.4727181176868004199	0
1.4727181176868004198	840	1.4727181176868004199	1.084202172485504434e-019
1.4727181176868004199	841	1.4727181176868004199	0
1.4727181176868004198	842	1.4727181176868004199	1.084202172485504434e-019
1.4727181176868004198	843	1.4727181176868004199	1.084202172485504434e-019
1.4727181176868004198	844	1.4727181176868004199	1.084202172485504434e-019
1.4727181176868004198	845	1.4727181176868004199	1.084202172485504434e-019
1.4727181176868004199	846	1.4727181176868004199	0
1.4727181176868004199	847	1.4727181176868004199	0
1.4727181176868004197	848	1.4727181176868004199	2.168404344971008868e-019
1.4727181176868004199	849	1.4727181176868004199	0
1.4727181176868004199	850	1.4727181176868004199	0
1.4727181176868004199	851	1.4727181176868004199	0
1.4727181176868004197	852	1.4727181176868004199	2.168404344971008868e-019
1.4727181176868004197	853	1.4727181176868004199	2.168404344971008868e-019
1.4727181176868004198	854	1.4727181176868004199	1.084202172485504434e-019
1.4727181176868004199	855	1.4727181176868004199	0
1.4727181176868004199	856	1.4727181176868004199	0
1.4727181176868004198	857	1.4727181176868004199	1.084202172485504434e-019
1.4727181176868004198	858	1.4727181176868004199	1.084202172485504434e-019
1.4727181176868004198	859	1.4727181176868004199	1.084202172485504434e-019
1.4727181176868004198	860	1.4727181176868004199	1.084202172485504434e-019
1.4727181176868004199	861	1.4727181176868004199	0
1.4727181176868004198	862	1.4727181176868004199	1.084202172485504434e-019
1.4727181176868004199	863	1.4727181176868004199	0
1.47271811768680042	864	1.4727181176868004199	1.084202172485504434e-019
1.4727181176868004199	865	1.4727181176868004199	0
1.4727181176868004198	866	1.4727181176868004199	1.084202172485504434e-019
1.4727181176868004199	867	1.4727181176868004199	0
1.4727181176868004198	868	1.4727181176868004199	1.084202172485504434e-019
1.4727181176868004198	869	1.4727181176868004199	1.084202172485504434e-019
1.47271811768680042	870	1.4727181176868004199	1.084202172485504434e-019
1.4727181176868004198	871	1.4727181176868004199	1.084202172485504434e-019
1.4727181176868004198	872	1.4727181176868004199	1.084202172485504434e-019
1.4727181176868004199	873	1.4727181176868004199	0
1.4727181176868004198	874	1.4727181176868004199	1.084202172485504434e-019
1.4727181176868004198	875	1.4727181176868004199	1.084202172485504434e-019
1.4727181176868004197	876	1.4727181176868004199	2.168404344971008868e-019
1.4727181176868004197	877	1.4727181176868004199	2.168404344971008868e-019
1.4727181176868004199	878	1.4727181176868004199	0
1.4727181176868004198	879	1.4727181176868004199	1.084202172485504434e-019
1.4727181176868004199	880	1.4727181176868004199	0
1.4727181176868004198	881	1.4727181176868004199	1.084202172485504434e-019
1.4727181176868004198	882	1.4727181176868004199	1.084202172485504434e-019
1.4727181176868004198	883	1.4727181176868004199	1.084202172485504434e-019
1.4727181176868004198	884	1.4727181176868004199	1.084202172485504434e-019
1.4727181176868004199	885	1.4727181176868004199	0
1.4727181176868004199	886	1.4727181176868004199	0
1.4727181176868004199	887	1.4727181176868004199	0
1.4727181176868004198	888	1.4727181176868004199	1.084202172485504434e-019
1.4727181176868004197	889	1.4727181176868004199	2.168404344971008868e-019
1.4727181176868004199	890	1.4727181176868004199	0
1.4727181176868004198	891	1.4727181176868004199	1.084202172485504434e-019
1.4727181176868004198	892	1.4727181176868004199	1.084202172485504434e-019
1.4727181176868004198	893	1.4727181176868004199	1.084202172485504434e-019
1.4727181176868004198	894	1.4727181176868004199	1.084202172485504434e-019
1.47271811768680042	895	1.4727181176868004199	1.084202172485504434e-019
1.4727181176868004199	896	1.4727181176868004199	0
1.4727181176868004199	897	1.4727181176868004199	0
1.4727181176868004198	898	1.4727181176868004199	1.084202172485504434e-019
1.4727181176868004197	899	1.4727181176868004199	2.168404344971008868e-019
1.4727181176868004198	900	1.4727181176868004199	1.084202172485504434e-019
1.4727181176868004199	901	1.4727181176868004199	0
1.4727181176868004197	902	1.4727181176868004199	2.168404344971008868e-019
1.4727181176868004198	903	1.4727181176868004199	1.084202172485504434e-019
1.4727181176868004198	904	1.4727181176868004199	1.084202172485504434e-019
1.4727181176868004198	905	1.4727181176868004199	1.084202172485504434e-019
1.4727181176868004199	906	1.4727181176868004199	0
1.47271811768680042	907	1.4727181176868004199	1.084202172485504434e-019
1.4727181176868004198	908	1.4727181176868004199	1.084202172485504434e-019
1.4727181176868004197	909	1.4727181176868004199	2.168404344971008868e-019
1.4727181176868004198	910	1.4727181176868004199	1.084202172485504434e-019
1.4727181176868004199	911	1.4727181176868004199	0
1.4727181176868004198	912	1.4727181176868004199	1.084202172485504434e-019
1.4727181176868004197	913	1.4727181176868004199	2.168404344971008868e-019
1.4727181176868004199	914	1.4727181176868004199	0
1.4727181176868004198	915	1.4727181176868004199	1.084202172485504434e-019
1.4727181176868004199	916	1.4727181176868004199	0
1.4727181176868004198	917	1.4727181176868004199	1.084202172485504434e-019
1.4727181176868004199	918	1.4727181176868004199	0
1.4727181176868004199	919	1.4727181176868004199	0
1.4727181176868004198	920	1.4727181176868004199	1.084202172485504434e-019
1.4727181176868004199	921	1.4727181176868004199	0
1.4727181176868004198	922	1.4727181176868004199	1.084202172485504434e-019
1.4727181176868004198	923	1.4727181176868004199	1.084202172485504434e-019
1.4727181176868004197	924	1.4727181176868004199	2.168404344971008868e-019
1.4727181176868004198	925	1.4727181176868004199	1.084202172485504434e-019
1.4727181176868004197	926	1.4727181176868004199	2.168404344971008868e-019
1.4727181176868004198	927	1.4727181176868004199	1.084202172485504434e-019
1.4727181176868004198	928	1.4727181176868004199	1.084202172485504434e-019
1.4727181176868004198	929	1.4727181176868004199	1.084202172485504434e-019
1.4727181176868004199	930	1.4727181176868004199	0
1.4727181176868004198	931	1.4727181176868004199	1.084202172485504434e-019
1.4727181176868004199	932	1.4727181176868004199	0
1.4727181176868004199	933	1.4727181176868004199	0
1.4727181176868004198	934	1.4727181176868004199	1.084202172485504434e-019
1.4727181176868004197	935	1.4727181176868004199	2.168404344971008868e-019
1.4727181176868004197	936	1.4727181176868004199	2.168404344971008868e-019
1.4727181176868004198	937	1.4727181176868004199	1.084202172485504434e-019
1.4727181176868004199	938	1.4727181176868004199	0
1.4727181176868004198	939	1.4727181176868004199	1.084202172485504434e-019
1.4727181176868004198	940	1.4727181176868004199	1.084202172485504434e-019
1.4727181176868004197	941	1.4727181176868004199	2.168404344971008868e-019
1.4727181176868004199	942	1.4727181176868004199	0
1.4727181176868004198	943	1.4727181176868004199	1.084202172485504434e-019
1.4727181176868004198	944	1.4727181176868004199	1.084202172485504434e-019
1.4727181176868004198	945	1.4727181176868004199	1.084202172485504434e-019
1.4727181176868004199	946	1.4727181176868004199	0
1.4727181176868004198	947	1.4727181176868004199	1.084202172485504434e-019
1.4727181176868004198	948	1.4727181176868004199	1.084202172485504434e-019
1.4727181176868004199	949	1.4727181176868004199	0
1.4727181176868004199	950	1.4727181176868004199	0
1.4727181176868004199	951	1.4727181176868004199	0
1.4727181176868004198	952	1.4727181176868004199	1.084202172485504434e-019
1.4727181176868004198	953	1.4727181176868004199	1.084202172485504434e-019
1.4727181176868004199	954	1.4727181176868004199	0
1.4727181176868004198	955	1.4727181176868004199	1.084202172485504434e-019
1.4727181176868004198	956	1.4727181176868004199	1.084202172485504434e-019
1.4727181176868004198	957	1.4727181176868004199	1.084202172485504434e-019
1.4727181176868004198	958	1.4727181176868004199	1.084202172485504434e-019
1.4727181176868004199	959	1.4727181176868004199	0
1.4727181176868004198	960	1.4727181176868004199	1.084202172485504434e-019
1.4727181176868004199	961	1.4727181176868004199	0
1.4727181176868004198	962	1.4727181176868004199	1.084202172485504434e-019
1.4727181176868004198	963	1.4727181176868004199	1.084202172485504434e-019
1.4727181176868004198	964	1.4727181176868004199	1.084202172485504434e-019
1.4727181176868004198	965	1.4727181176868004199	1.084202172485504434e-019
1.4727181176868004198	966	1.4727181176868004199	1.084202172485504434e-019
1.4727181176868004199	967	1.4727181176868004199	0
1.4727181176868004198	968	1.4727181176868004199	1.084202172485504434e-019
1.4727181176868004199	969	1.4727181176868004199	0
1.4727181176868004198	970	1.4727181176868004199	1.084202172485504434e-019
1.4727181176868004198	971	1.4727181176868004199	1.084202172485504434e-019
1.4727181176868004199	972	1.4727181176868004199	0
1.4727181176868004198	973	1.4727181176868004199	1.084202172485504434e-019
1.4727181176868004197	974	1.4727181176868004199	2.168404344971008868e-019
1.4727181176868004197	975	1.4727181176868004199	2.168404344971008868e-019
1.4727181176868004198	976	1.4727181176868004199	1.084202172485504434e-019
1.4727181176868004199	977	1.4727181176868004199	0
1.4727181176868004199	978	1.4727181176868004199	0
1.4727181176868004199	979	1.4727181176868004199	0
1.4727181176868004198	980	1.4727181176868004199	1.084202172485504434e-019
1.4727181176868004199	981	1.4727181176868004199	0
1.4727181176868004198	982	1.4727181176868004199	1.084202172485504434e-019
1.4727181176868004199	983	1.4727181176868004199	0
1.4727181176868004198	984	1.4727181176868004199	1.084202172485504434e-019
1.4727181176868004199	985	1.4727181176868004199	0
1.4727181176868004199	986	1.4727181176868004199	0
1.4727181176868004198	987	1.4727181176868004199	1.084202172485504434e-019
1.4727181176868004198	988	1.4727181176868004199	1.084202172485504434e-019
1.4727181176868004199	989	1.4727181176868004199	0
1.4727181176868004198	990	1.4727181176868004199	1.084202172485504434e-019
1.4727181176868004197	991	1.4727181176868004199	2.168404344971008868e-019
1.4727181176868004198	992	1.4727181176868004199	1.084202172485504434e-019
1.4727181176868004198	993	1.4727181176868004199	1.084202172485504434e-019
1.4727181176868004198	994	1.4727181176868004199	1.084202172485504434e-019
1.4727181176868004198	995	1.4727181176868004199	1.084202172485504434e-019
1.4727181176868004197	996	1.4727181176868004199	2.168404344971008868e-019
1.4727181176868004199	997	1.4727181176868004199	0
1.4727181176868004198	998	1.4727181176868004199	1.084202172485504434e-019
1.4727181176868004199	999	1.4727181176868004199	0
